10329676418
7717525811
3368573016
6372169781
6615486119
9559603067
8729405918
9477795447
6763058212
8555391916
6632289599
11036738982
10267507492
11352980374
11591178664
6846725725
5393960147
5345638417
5325754477
6273937332
4601943267
11362106732
7507173747
7690864026
14107679807
8408424534
5771522842
7264805480
5731526715
6920423166
7365152130
9377884430
5525963168
10319756393
6660044424
7342325876
5502085592
5711662279
9380773394
8309446501
8172324007
6041882188
7318129628
6278356699
11644193270
8558593394
8755697466
6045294618
8231759483
5979844753
7552890498
9783142849
12975279433
7128335149
10000547598
5807275775
8879584375
9989684697
12116288720
13134755067
6441436329
8261187462
10749358441
9763846923
3038440807
7225458899
5861412811
8101155048
11387744305
6327117191
9644411372
11301137508
5775464416
10672155668
7700140699
6905861328
7768328624
10378604272
10358176680
11086119680
4462229409
7972993721
8199566173
8403436740
7570161617
6037853792
13490525218
6143660088
11271545116
5908294798
6685367488
10982409434
6562686019
9109551689
7502375975
8317997092
11668227877
7778268211
11617590768
5626422033
6875176313
10977411040
7421949871
5020222181
7714371247
9088731959
5829479341
12309918743
10026411080
9467839799
8012843397
12775997394
10396900791
10953270366
9279189852
10795332730
8069034914
6889658093
7041329156
6913911004
6289528166
7836742142
6653141196
10766672785
11107764315
9692559587
6399778669
10162504785
7905115250
7032197186
9299412396
7666845768
12430961015
8519039176
6202754801
5418662772
11159900752
9871696873
9111684744
11834724659
5729015960
9424464157
10623937086
12978119498
7252041031
8175573501
8670484771
10993612264
7242521156
6848587153
5449865097
11345758464
11046701372
7588150163
7649403925
2273590650
10997769492
6860258905
10616726211
6474515854
11311088759
5978479877
8323922343
5587988694
9707379419
14159956235
10435192379
7455837568
5863527470
8062625270
10374081323
8516067314
12128404039
6201579066
10186672979
7758766669
11063467959
9340123337
8673809037
4607729839
11223471743
8486423858
6387075170
7605884026
6725348076
8933585497
11361633994
10184354999
9865271430
9022171560
6957806115
8053269087
5038609898
8292047970
13749298357
5384843018
5916230269
9460526848
11502970657
6455158275
8475124097
9802963526
9167385115
8719605649
9352247232
8240044514
7916480265
9040325677
7524487389
9350139152
12132028536
11326045752
8904418297
6835648833
4948615533
7779527445
10590522343
10423093165
3183485679
6136243651
9167398802
9842294123
5408449616
12710999595
4595125497
9909387745
9313489261
8422915044
9601139672
7876078217
8042999323
9185488234
10762873552
10396649780
7732473440
6791134145
10237564225
9711751173
2324610668
6858826528
10786627150
9209124373
9954500691
8895228074
6996414207
11304722043
8546966943
8889480217
12359139770
9440389406
9085038071
5487283691
10642705239
8337690151
9022395856
7697076997
12276336962
5110293418
5420300539
9169652059
10567826837
8211288701
8903200258
9279950191
8656368689
11598253349
5694940563
8658575694
8430709547
6442259804
9433854295
2021033604
8567133697
10797135220
11422598298
13475261712
13003757846
9277578820
10068818584
7508334171
7476800265
6721558099
6939307667
11064985097
8684995030
11381193419
8634795547
11433597771
7274010320
3459717331
9081085745
12526378578
9401731856
11411130563
11415016400
7195387477
8564018209
7458283186
6576063926
8286307153
10574933211
5546714848
10652643168
12046667593
9268336826
6750831186
10022696134
10553546809
5142632109
7197408155
7409170537
10391959638
3997621587
5436835491
10873653455
10925320289
12807643932
8027826766
11095648518
15107402150
7972113400
9341259456
10646090284
8367812235
4352922590
7865994613
9963690803
12899856942
7061011121
2701352964
11805770665
8114527110
8552347513
10618249437
6758162044
9288580208
5051656186
10140096610
9802458649
12341471250
9359302390
10901619244
10171272854
7587466130
10173894046
10487788485
9377840773
5232784207
7181676492
8277594987
11172135087
10247979309
14022516695
4853846628
10194198919
6014275098
9694883754
8479222761
5600895456
8149141373
11218188725
8713534459
8023356165
5168678906
6551199138
12811283507
4308458354
8828637885
6488974004
11379915309
10372207302
9552389650
11090592786
10064243053
10534155019
13492926508
12337878990
11972508299
8905205263
7267430819
8128960796
5740500011
10135393563
9771750710
7646868655
10301262603
3461595989
9212015270
7384108725
4089023740
6152110833
6816427110
7028228136
12649417364
8533319469
8452472805
9205371352
6560074851
8017578694
4392740132
11601435076
7668886501
5487106747
9229354003
8063277924
12810742033
7887703962
4169072249
7980981122
7937824585
5486917946
6350908490
8030402282
5998311825
11719178092
9196298888
11474928778
4408598384
12252175722
11884081897
10159133962
7706836158
8755553960
6317915065
8353433081
10851827934
8186750659
9809463138
9603639105
7762007617
5529831232
7956202912
10746737049
8688208414
7998811478
8869388642
7822681191
10783512159
4436508408
8846276806
6742424117
14568794355
10525153509
4927054775
3817403940
6762063281
9178577961
13986217084
10482890718
9300859319
12259126498
7017711450
7398506845
7707620748
9325311475
10008580169
10001309340
12191751334
9858170635
11907002334
8199202703
7410849712
4054747158
9427592265
9823547220
10813435211
5059248386
9324541856
8612287048
8491803817
7867231169
12323885696
9350737091
6619000599
9178989556
10947994542
8621464601
10275966158
7372612025
7155802152
5889734230
5310910530
10474465432
6701013073
11380129754
9518085221
7057666681
2541696983
7617303003
10126419317
5974180915
9089553986
8669361430
6984059554
8318846581
4644087150
7174163032
8061572029
6313688858
8080347088
6519964055
11002364985
6997133258
12408976802
5554651003
8917357802
12561796739
10784055150
9107650377
10476201223
7584706420
8683418341
8548223634
6130511182
7694769379
9874152919
10133710749
7757335455
5077439283
5238550440
9071408380
10895439036
11673060753
11238579995
8114120386
4884334729
7939957364
6551920194
7968470627
6015907063
8084328517
8968938158
6361345907
3146595131
4145783486
8418410200
4573702636
8857183845
4690932258
5618437145
6207537308
11987813876
8589815946
9249989589
4110775396
6075865972
5843883635
9497988443
4900449049
7388289974
8826026680
8223382313
8918640327
10388376922
7267249116
10650353371
5099340958
5589098661
9243344674
13860875821
9207424339
10107326152
7512261181
7709703438
11456639298
13222257215
5598445816
9641103779
3875999868
12137415179
8189080545
9296463817
7537710484
7672917295
8823188663
13161375019
3114566127
8337454059
12429464391
9582070506
8002624305
7518160504
8464560280
8813358583
9570938313
7473082354
8354898698
7876653360
9898805174
7107402474
6497309433
7747216881
10367927416
7455799387
9055177797
6448292798
11477298714
6965080527
5553705814
7817358010
8406545956
9060298505
4320483823
11497223546
10196684875
8390769877
9498623698
5108037464
12091652196
9863437136
7200074539
11092090470
8269068609
8270539761
10361990024
3499156277
6355844230
9327656111
9610762714
9125734179
9413931310
3271541242
11113811965
10702937851
8156055663
5506249997
12190739272
10950443984
9101748748
3411193376
6510526924
7867294450
9456905745
12459457501
6211402778
8756504707
8816499459
11948910391
8408770652
7715936621
14366059959
10200337843
5268851531
9760419104
8562947603
11759030297
5578178046
8154664626
10133797403
10086640226
7185338316
10402126304
4784896120
10330614630
9896988277
8329798923
10484126169
7192566449
5354211176
11813857363
9206438173
8427410722
8367550257
12557250167
5271602381
10680287443
10299500488
11560141612
4636125883
12543207939
8285510871
12104161015
14348375114
9376176664
2810054115
10709237254
8620731906
10965534246
8855680888
6718659317
9335655270
4771822003
10042746079
8584651327
11730372884
10610732412
8247208246
14485108896
6796690462
11588059720
4080474643
9752759126
7552243419
4772914613
10843799086
7351000074
6254207654
7819783840
7534094202
6410875834
4774161204
7743102279
9529676834
10556330552
9896253458
8273621180
6265114104
13229008774
10181051250
4451479712
12818113715
12419192697
11410417621
13026584045
6939695331
10170052771
7519096831
7639321292
7422999250
6654838442
9299569960
11548029381
7731386245
8920687004
9428079084
8398347244
8619992764
8681246704
7672895695
9791759285
12465816399
4186697817
7511804742
10499561609
4854522487
14853680855
11341948961
4973612732
5480238757
9570762688
6937856942
6655677056
11337581577
5323329102
11302343827
8595757342
4769621038
12273732913
9192191502
3383957680
11679248873
7667827796
8936203368
7427614147
8682729510
11494822018
5637378204
5380023017
9175853638
9455043852
3569731533
3957697829
10121268104
13075541035
11273960954
12257209318
8186457601
10155354054
13355972643
4933666319
12602050155
7527090602
8587704295
6648243996
8158914149
11281790586
6520351867
7302030290
9448154014
5857672251
10945149843
8188098219
12747980683
7490250053
8357767926
8960584927
8693708512
12287164133
8483932200
8155168015
6205065582
5811807921
7191194685
11163955650
7383338145
9162591356
9483366521
10294452170
7310740308
11270599974
8836247681
9257720945
11171263555
11451179210
5202485474
8032807723
7092936017
7517591735
7868928651
6402417676
4778654721
6186100530
8876722239
10424959732
9488781729
7989280855
7673027308
4900745088
8274431555
4693446103
7996218367
9367814230
6039012442
5857474585
8804958506
11315806238
7933693825
8335026530
6850293242
9008229115
7875391618
7484229903
10840630575
5174906214
8363584325
6843908163
6275792115
10829361136
10187243880
11634987873
9719782958
8339078620
4201102951
9972756650
7636422938
12843845817
3618409817
7572513205
10084799145
9838399744
7039828492
4769668090
12346454967
8556201342
9298241020
8309561814
6259616817
7907517888
8469560760
7688061275
11089823657
7996903493
5100066861
6847844272
7981541479
12936994513
3871508435
9166175804
9580354081
13455182692
9358212029
6839094576
3757211323
4368316913
10550239150
9927650704
7704057608
8852541614
9739042131
12188141641
10639080502
7920684534
5407256372
8808959727
6709130038
11918749884
9193315471
4805905786
5717253630
8955602126
11387995047
9261709196
6755816240
5249394929
11562500364
8608950496
10331841167
10132892686
4945996299
7926842407
8398042161
9531421956
5457712461
7365540693
8484951292
12107895801
9472336419
10180845902
6312482659
6176354354
3064771104
6940385253
10066137137
9203290847
6752080107
6500195030
12416501482
10085575633
8514980451
3141947748
9312164501
9387656320
10188327346
11403820080
8375482913
10817085914
8947903043
8094025078
9087003251
7083136197
6778548079
12735213626
9918071797
12302189846
7237369429
8275178306
6769963016
10635033818
7361633488
5665193831
5829692756
7465305102
7672201839
12942031683
11186252793
8705830994
9062709555
12148802660
14902799684
8585080438
4044897338
9908954669
5744650999
7672506766
11805558465
9658773315
11832203395
8215068070
7676677950
13285228629
9495879604
5192476805
8371157008
14916769178
8546774982
4415320379
6131900265
2819582694
7328473612
9089314385
5681241430
12702134203
9655295130
8022061386
7204675772
3987555146
5977261204
8247523852
8814592679
8324090696
2359940842
10724291331
12084432243
8815743590
9241192201
10860047965
5121644041
12770231203
9059029013
8212213136
7366144531
9901346991
7523535939
10018791646
12829521668
12067592333
6367781145
4276830745
11120315891
8791628935
10329676418
7717525811
3368573016
6372169781
6615486119
9559603067
8729405918
9477795447
6763058212
8555391916
6632289599
11036738982
10267507492
11352980374
11591178664
6846725725
5393960147
5345638417
5325754477
6273937332
4601943267
11362106732
7507173747
7690864026
14107679807
8408424534
5771522842
7264805480
5731526715
6920423166
7365152130
9377884430
5525963168
10319756393
6660044424
7342325876
5502085592
5711662279
9380773394
8309446501
8172324007
6041882188
7318129628
6278356699
11644193270
8558593394
8755697466
6045294618
8231759483
5979844753
7552890498
9783142849
12975279433
7128335149
10000547598
5807275775
8879584375
9989684697
12116288720
13134755067
6441436329
8261187462
10749358441
9763846923
3038440807
7225458899
5861412811
8101155048
11387744305
6327117191
9644411372
11301137508
5775464416
10672155668
7700140699
6905861328
7768328624
10378604272
10358176680
11086119680
4462229409
7972993721
8199566173
8403436740
7570161617
6037853792
13490525218
6143660088
11271545116
5908294798
6685367488
10982409434
6562686019
9109551689
7502375975
8317997092
11668227877
7778268211
11617590768
5626422033
6875176313
10977411040
7421949871
5020222181
7714371247
9088731959
5829479341
12309918743
10026411080
9467839799
8012843397
12775997394
10396900791
10953270366
9279189852
10795332730
8069034914
6889658093
7041329156
6913911004
6289528166
7836742142
6653141196
10766672785
11107764315
9692559587
6399778669
10162504785
7905115250
7032197186
9299412396
7666845768
12430961015
8519039176
6202754801
5418662772
11159900752
9871696873
9111684744
11834724659
5729015960
9424464157
10623937086
12978119498
7252041031
8175573501
8670484771
10993612264
7242521156
6848587153
5449865097
11345758464
11046701372
7588150163
7649403925
2273590650
10997769492
6860258905
10616726211
6474515854
11311088759
5978479877
8323922343
5587988694
9707379419
14159956235
10435192379
7455837568
5863527470
8062625270
10374081323
8516067314
12128404039
6201579066
10186672979
7758766669
11063467959
9340123337
8673809037
4607729839
11223471743
8486423858
6387075170
7605884026
6725348076
8933585497
11361633994
10184354999
9865271430
9022171560
6957806115
8053269087
5038609898
8292047970
13749298357
5384843018
5916230269
9460526848
11502970657
6455158275
8475124097
9802963526
9167385115
8719605649
9352247232
8240044514
7916480265
9040325677
7524487389
9350139152
12132028536
11326045752
8904418297
6835648833
4948615533
7779527445
10590522343
10423093165
3183485679
6136243651
9167398802
9842294123
5408449616
12710999595
4595125497
9909387745
9313489261
8422915044
9601139672
7876078217
8042999323
9185488234
10762873552
10396649780
7732473440
6791134145
10237564225
9711751173
2324610668
6858826528
10786627150
9209124373
9954500691
8895228074
6996414207
11304722043
8546966943
8889480217
12359139770
9440389406
9085038071
5487283691
10642705239
8337690151
9022395856
7697076997
12276336962
5110293418
5420300539
9169652059
10567826837
8211288701
8903200258
9279950191
8656368689
11598253349
5694940563
8658575694
8430709547
6442259804
9433854295
2021033604
8567133697
10797135220
11422598298
13475261712
13003757846
9277578820
10068818584
7508334171
7476800265
6721558099
6939307667
11064985097
8684995030
11381193419
8634795547
11433597771
7274010320
3459717331
9081085745
12526378578
9401731856
11411130563
11415016400
7195387477
8564018209
7458283186
6576063926
8286307153
10574933211
5546714848
10652643168
12046667593
9268336826
6750831186
10022696134
10553546809
5142632109
7197408155
7409170537
10391959638
3997621587
5436835491
10873653455
10925320289
12807643932
8027826766
11095648518
15107402150
7972113400
9341259456
10646090284
8367812235
4352922590
7865994613
9963690803
12899856942
7061011121
2701352964
11805770665
8114527110
8552347513
10618249437
6758162044
9288580208
5051656186
10140096610
9802458649
12341471250
9359302390
10901619244
10171272854
7587466130
10173894046
10487788485
9377840773
5232784207
7181676492
8277594987
11172135087
10247979309
14022516695
4853846628
10194198919
6014275098
9694883754
8479222761
5600895456
8149141373
11218188725
8713534459
8023356165
5168678906
6551199138
12811283507
4308458354
8828637885
6488974004
11379915309
10372207302
9552389650
11090592786
10064243053
10534155019
13492926508
12337878990
11972508299
8905205263
7267430819
8128960796
5740500011
10135393563
9771750710
7646868655
10301262603
3461595989
9212015270
7384108725
4089023740
6152110833
6816427110
7028228136
12649417364
8533319469
8452472805
9205371352
6560074851
8017578694
4392740132
11601435076
7668886501
5487106747
9229354003
8063277924
12810742033
7887703962
4169072249
7980981122
7937824585
5486917946
6350908490
8030402282
5998311825
11719178092
9196298888
11474928778
4408598384
12252175722
11884081897
10159133962
7706836158
8755553960
6317915065
8353433081
10851827934
8186750659
9809463138
9603639105
7762007617
5529831232
7956202912
10746737049
8688208414
7998811478
8869388642
7822681191
10783512159
4436508408
8846276806
6742424117
14568794355
10525153509
4927054775
3817403940
6762063281
9178577961
13986217084
10482890718
9300859319
12259126498
7017711450
7398506845
7707620748
9325311475
10008580169
10001309340
12191751334
9858170635
11907002334
8199202703
7410849712
4054747158
9427592265
9823547220
10813435211
5059248386
9324541856
8612287048
8491803817
7867231169
12323885696
9350737091
6619000599
9178989556
10947994542
8621464601
10275966158
7372612025
7155802152
5889734230
5310910530
10474465432
6701013073
11380129754
9518085221
7057666681
2541696983
7617303003
10126419317
5974180915
9089553986
8669361430
6984059554
8318846581
4644087150
7174163032
8061572029
6313688858
8080347088
6519964055
11002364985
6997133258
12408976802
5554651003
8917357802
12561796739
10784055150
9107650377
10476201223
7584706420
8683418341
8548223634
6130511182
7694769379
9874152919
10133710749
7757335455
5077439283
5238550440
9071408380
10895439036
11673060753
11238579995
8114120386
4884334729
7939957364
6551920194
7968470627
6015907063
8084328517
8968938158
6361345907
3146595131
4145783486
8418410200
4573702636
8857183845
4690932258
5618437145
6207537308
11987813876
8589815946
9249989589
4110775396
6075865972
5843883635
9497988443
4900449049
7388289974
8826026680
8223382313
8918640327
10388376922
7267249116
10650353371
5099340958
5589098661
9243344674
13860875821
9207424339
10107326152
7512261181
7709703438
11456639298
13222257215
5598445816
9641103779
3875999868
12137415179
8189080545
9296463817
7537710484
7672917295
8823188663
13161375019
3114566127
8337454059
12429464391
9582070506
8002624305
7518160504
8464560280
8813358583
9570938313
7473082354
8354898698
7876653360
9898805174
7107402474
6497309433
7747216881
10367927416
7455799387
9055177797
6448292798
11477298714
6965080527
5553705814
7817358010
8406545956
9060298505
4320483823
11497223546
10196684875
8390769877
9498623698
5108037464
12091652196
9863437136
7200074539
11092090470
8269068609
8270539761
10361990024
3499156277
6355844230
9327656111
9610762714
9125734179
9413931310
3271541242
11113811965
10702937851
8156055663
5506249997
12190739272
10950443984
9101748748
3411193376
6510526924
7867294450
9456905745
12459457501
6211402778
8756504707
8816499459
11948910391
8408770652
7715936621
14366059959
10200337843
5268851531
9760419104
8562947603
11759030297
5578178046
8154664626
10133797403
10086640226
7185338316
10402126304
4784896120
10330614630
9896988277
8329798923
10484126169
7192566449
5354211176
11813857363
9206438173
8427410722
8367550257
12557250167
5271602381
10680287443
10299500488
11560141612
4636125883
12543207939
8285510871
12104161015
14348375114
9376176664
2810054115
10709237254
8620731906
10965534246
8855680888
6718659317
9335655270
4771822003
10042746079
8584651327
11730372884
10610732412
8247208246
14485108896
6796690462
11588059720
4080474643
9752759126
7552243419
4772914613
10843799086
7351000074
6254207654
7819783840
7534094202
6410875834
4774161204
7743102279
9529676834
10556330552
9896253458
8273621180
6265114104
13229008774
10181051250
4451479712
12818113715
12419192697
11410417621
13026584045
6939695331
10170052771
7519096831
7639321292
7422999250
6654838442
9299569960
11548029381
7731386245
8920687004
9428079084
8398347244
8619992764
8681246704
7672895695
9791759285
12465816399
4186697817
7511804742
10499561609
4854522487
14853680855
11341948961
4973612732
5480238757
9570762688
6937856942
6655677056
11337581577
5323329102
11302343827
8595757342
4769621038
12273732913
9192191502
3383957680
11679248873
7667827796
8936203368
7427614147
8682729510
11494822018
5637378204
5380023017
9175853638
9455043852
3569731533
3957697829
10121268104
13075541035
11273960954
12257209318
8186457601
10155354054
13355972643
4933666319
12602050155
7527090602
8587704295
6648243996
8158914149
11281790586
6520351867
7302030290
9448154014
5857672251
10945149843
8188098219
12747980683
7490250053
8357767926
8960584927
8693708512
12287164133
8483932200
8155168015
6205065582
5811807921
7191194685
11163955650
7383338145
9162591356
9483366521
10294452170
7310740308
11270599974
8836247681
9257720945
11171263555
11451179210
5202485474
8032807723
7092936017
7517591735
7868928651
6402417676
4778654721
6186100530
8876722239
10424959732
9488781729
7989280855
7673027308
4900745088
8274431555
4693446103
7996218367
9367814230
6039012442
5857474585
8804958506
11315806238
7933693825
8335026530
6850293242
9008229115
7875391618
7484229903
10840630575
5174906214
8363584325
6843908163
6275792115
10829361136
10187243880
11634987873
9719782958
8339078620
4201102951
9972756650
7636422938
12843845817
3618409817
7572513205
10084799145
9838399744
7039828492
4769668090
12346454967
8556201342
9298241020
8309561814
6259616817
7907517888
8469560760
7688061275
11089823657
7996903493
5100066861
6847844272
7981541479
12936994513
3871508435
9166175804
9580354081
13455182692
9358212029
6839094576
3757211323
4368316913
10550239150
9927650704
7704057608
8852541614
9739042131
12188141641
10639080502
7920684534
5407256372
8808959727
6709130038
11918749884
9193315471
4805905786
5717253630
8955602126
11387995047
9261709196
6755816240
5249394929
11562500364
8608950496
10331841167
10132892686
4945996299
7926842407
8398042161
9531421956
5457712461
7365540693
8484951292
12107895801
9472336419
10180845902
6312482659
6176354354
3064771104
6940385253
10066137137
9203290847
6752080107
6500195030
12416501482
10085575633
8514980451
3141947748
9312164501
9387656320
10188327346
11403820080
8375482913
10817085914
8947903043
8094025078
9087003251
7083136197
6778548079
12735213626
9918071797
12302189846
7237369429
8275178306
6769963016
10635033818
7361633488
5665193831
5829692756
7465305102
7672201839
12942031683
11186252793
8705830994
9062709555
12148802660
14902799684
8585080438
4044897338
9908954669
5744650999
7672506766
11805558465
9658773315
11832203395
8215068070
7676677950
13285228629
9495879604
5192476805
8371157008
14916769178
8546774982
4415320379
6131900265
2819582694
7328473612
9089314385
5681241430
12702134203
9655295130
8022061386
7204675772
3987555146
5977261204
8247523852
8814592679
8324090696
2359940842
10724291331
12084432243
8815743590
9241192201
10860047965
5121644041
12770231203
9059029013
8212213136
7366144531
9901346991
7523535939
10018791646
12829521668
12067592333
6367781145
4276830745
11120315891
8791628935
