9722925910
8798482179
8364557044
4698706771
9569030385
12125416394
9925056176
8095888947
11889038896
11559604874
5129159563
4855346190
2743673558
12800637911
9619235750
9053119549
8818381297
7715481414
10635836895
8601773828
7857637475
11732585877
6889900714
6880353401
9649845577
9429358502
14837469237
7498799667
7866936013
8577234628
7222249011
4205427147
7457535863
13088916542
8191921667
12800486651
3872181830
6088202976
6235234380
12076026015
5344867384
8741214605
11491764754
7979150442
11966899559
10554715204
12477185066
7539506549
7740566442
12974549708
6014149096
10819392599
6787716472
6733089251
8281974652
11149852920
9529342498
7876416788
11997248564
11043013317
12012032851
4558744692
6693163108
8901173939
4019378454
7894733067
9320592570
14000696115
8090424766
10510932517
4415253170
5357643061
5991854744
6877565925
12781642493
9578319350
10674138503
8329726358
6864511043
9000172599
5726151289
6542396319
8800266406
5097945223
8518644201
11412905926
6752019301
5908778203
12572223139
8903862018
6316627744
3803277418
9175411366
7687287133
5025813362
6166060322
12380516880
8334510082
5038143241
9251496609
8437823139
13419784884
6406387183
5058648728
9734446205
10364309689
10129345486
8151755073
13886123640
10640902571
7059183151
6855692125
5952111336
8822632703
10229764561
10400143301
13715943931
11021731304
11175033302
7614335599
5499191074
6726848213
8048359512
8337062881
10477569415
6003595415
10506434352
10477984490
8998088841
12291487500
6070951832
8183433997
14461603945
7246161273
10379532657
6281800820
6406259937
6458956630
7854850762
8882667296
12139720598
6341484400
8128774734
8114983169
6861059137
6417531216
9082802573
7371502040
9202040478
5651929700
7915647731
4146890590
13028214203
9105399509
8083351362
9055584415
6217215425
2656529364
5531661938
8202891620
9700633360
7602198801
6772242461
3651357513
9767792913
12347139174
9239043132
6824496107
8112631847
9026944369
8127486164
4088954006
8577567679
6575695076
11674253163
7670358285
8097466798
6012716712
7815828669
9488979695
11091982379
6691296760
8761280142
6907629166
8888677345
8063398587
4436662550
12368224213
5211498956
8152309316
10426781113
9858028874
7268245267
5630046660
9897777718
10028004109
11165197402
7919537756
13018402245
7267858405
4707220463
7336350003
9386100587
8464413398
9203259745
8553948230
7479316326
10814725853
5019789531
9573290019
9128331694
12753699065
8928235643
8397525225
7435998811
2998651358
12764812377
9687025664
9789452785
7813957509
5877350903
7213631157
7787574180
10471626468
9853743697
5124199411
8780416221
8190202980
9314783429
5388197882
8574839955
6505223354
6681224610
8721995993
10383344007
7127529507
7628625347
6409092399
7540740042
6890632203
11973484812
6063013094
10459087354
8106372498
5241277583
11784428908
6426934743
11810060738
7991885172
12792581771
6569374453
13751394504
11090157594
4444333965
9668105867
5332079920
8931070542
9785374182
10489812846
9682387244
2088604167
9865548845
9747462160
12223516757
8850077002
6532439318
10016739204
6934893561
10383861847
6151915186
7622254947
10387983935
6227623648
8068061392
13126082529
7331212666
11284425140
6321824362
9202747969
10870244190
6334768035
14382731205
8038729315
3378788477
7750808231
9624598203
10296084033
6370491592
6069306257
14206199163
9093588971
7384459172
8289286722
6383292196
9324764727
5987046825
8515621098
9551567975
9420446149
5946215971
7726318844
9978008242
7605722976
5468892870
7553678474
8377845254
9044672288
8084776241
10168048138
12509413036
5009835249
10149308154
7095716749
9428534690
11162979375
7150257496
8425865955
10911224458
9436237014
8644171102
7086682144
9683299758
7755525578
12100489869
8658895164
8882148936
4321294270
6605338637
1204408852
9866149342
6974299476
9415480124
4656725167
13506421818
11382183885
7801809118
7914219430
8814833826
5643463785
11712668722
7209583888
8350298523
4547546782
8186610838
4848846728
9786524099
3080525248
11091282591
9103679628
8300109574
7545202499
11998884430
6891431156
8625399165
6389230644
9046632257
11341027839
5481262210
9215601275
8736627645
5289729700
8667044758
8175585588
7319272855
8169955772
9047803271
6799926452
7588478177
5214475203
12890865216
12307796363
8887999185
6259062267
3384864335
7891236834
7037494563
9632028475
9395479887
6428032798
11348532969
10134444124
7101338076
6609838666
9226917509
6972935685
5565991562
5614003357
8602526407
16053183508
12110200011
8769657957
8011761870
8487543923
9500011670
9066143072
10758729866
14520466434
10779139338
9336504725
4516804984
8963353214
7842532834
10147539545
5949945118
8522529214
8909806082
5571479957
5143219145
11974077043
12480754189
7641622446
10609023599
7912544086
5404054668
8850945331
5847330037
10195684575
11115347313
13702580121
3276244449
9285750090
12422754507
6053020536
11989081898
11485340997
7012964245
5328390788
8646929194
7390100620
13063301220
8532782559
7910755460
6652192977
7080886670
4791720377
8152225918
11775239870
11127040437
6489433538
9228952186
11063825617
8279285955
5219340054
8150630425
4997135487
11704692835
8550338514
10450131104
8166410752
10409277809
3212136306
7666487858
12630482103
9746422849
7591161587
5101313617
4420942874
11082971950
7570759621
8368411387
9868979053
9646779821
11324627575
4544936491
5991963929
10034667027
9955338330
13633853302
7838157913
10951055253
7961810398
11114391716
11120070357
7722685657
13841580759
2993769519
11256812446
11139640745
8242392984
11083920100
9933741341
7250308332
13567982759
10843592718
7638738269
8373771497
7477911413
11600335990
8736759700
10366246460
9538224149
9297528250
10001948651
3140201578
11076659270
7755623192
6165046025
5437911929
5854570961
8317490819
9003057545
9799392573
9076871106
8620203734
7197691541
6558929552
10385073981
10156852155
11298252967
10570640793
4943277687
5861575366
4196368112
7636977261
8100254346
7164530724
5778862087
7365158959
9525526269
8212291978
8992478224
6956537031
10928437206
5059857547
10104885190
6504643340
9642003466
2304845742
12598125072
5545462809
13585929836
6530147328
10081051865
9923175922
9547374418
7926129219
7989382319
5034736269
5367678661
7379049855
5507010322
12732395264
9396787580
8878024524
9692114787
10661075548
12837966463
12962145929
4349045360
8428773715
4469248659
7623489882
10078597650
10389990705
8095552360
6595364763
11767768757
5682499525
6137644275
7997975425
6212009632
9199761681
7273237231
8227926892
8267015126
7751260036
4370088653
7128117701
6852362477
9293323779
4487488537
11479770803
5944635666
8637037026
10279808588
8251308907
3793761052
10829000735
10683082258
8110558996
5642008984
9025095461
8704790426
7089758941
11967200089
9979254677
6331771598
7646939324
10326649814
9946673778
10451600307
6242478246
13453981195
5680270996
8450621008
12248771639
8628857211
7512596072
9892642079
8760603199
12115954198
7029248998
6569974058
9738650575
10477522744
10290044957
7218950405
8513755639
10225491330
10560152397
9756636944
8067873300
10008897396
11232926078
12073052885
10026345476
9384961396
6444447688
6592053349
9454949214
7635975390
9268442079
12069860889
6138626592
8960059109
6645075717
5741277806
13097017754
9052204605
7942744133
8197629458
9404392981
9073595458
10585909046
5766355651
6710392582
7030472587
9202471243
8085182464
2557352246
9883086157
10688198031
10645449792
9112878416
10265942977
5421456796
3872893954
13216114440
8748562862
7538594936
10813887464
9720907337
8811579292
12250212226
11621720786
9541149491
7325308791
6120878287
7014733200
9165002758
8643397002
6757983488
5701535544
5736861807
10482845691
6537762193
7779775758
9777282862
13794335729
8700222710
9687859023
6649857812
6775837000
10109284748
9791969542
14492680751
7236269193
9820179490
8366942572
8508444662
7963700327
10575660590
11814067676
6836285772
9213537840
9212048125
7658675541
9237710619
2707381889
10361163248
6559178348
9075856988
8024735745
9126454997
12034706794
6385636246
11174041029
8295805816
12110509631
9994564541
9086727206
5815124136
7794202167
4263175568
6485509803
3697108408
11574914689
6636465433
10737308076
8393200605
8549828096
12019654504
8549427190
11684575016
7615604365
6911327774
9237863175
6302356506
6939220530
7910704424
9062014436
9690934481
3048133896
8069368130
8622549242
7855464798
8651338638
10273519346
7385559569
10426958883
9786108717
7474751598
4254864612
6580198714
5585739618
7377863367
9170327425
9904399197
11327701831
10866393351
9337140047
10134176805
9941395148
12348718905
7550239375
8751670583
11385056460
11550426580
10657126086
10480926961
5416213602
10511128984
10255417774
9754280207
7465374703
11091495059
9393692229
8825805412
10115900045
7811099350
9928656608
7834666587
9741083617
6894031475
7174876356
4625657596
10481899521
3529611942
8116230559
12870697705
9556810871
6132333045
7705837364
5559401043
7213802281
11015168860
10231046081
9440726770
11147233490
9569370257
7725837821
11568435429
6372458000
8214589456
8130202496
10484691437
9740067510
6015398926
7646427704
12231052659
8392307100
6907589216
10475897364
8360354457
6486911837
8069878681
6732898861
8776865389
10873514729
10443328006
8119770664
13683945990
9625730539
10569895290
7565345445
14318219049
8412181625
7302028995
7333033742
7853781924
14822634200
6643873206
9874227623
9572759911
9285284455
6721678231
12687993857
9216261069
9554893307
10232171691
7114990385
7800316493
9726460773
5973976985
9222916231
7508555196
4299205108
5115805907
7805898542
10072938098
10758861963
12518964850
10725779635
8016143132
11928193038
10683182502
7298716926
5978518141
10715354318
7089894154
9140899738
14354864531
11098428510
9629468749
2626147112
8841725152
7071398231
7605281095
9586418523
7576959144
7926626534
6842137938
10371649557
11273828579
8082180967
7502825998
8031819685
11760348076
4668215000
6128339568
12103799843
6134478879
7762668525
5721923286
7956919685
11703032301
5699998960
10306865565
5415104557
6048911937
6774880845
9904411032
10173458892
7648435908
4830239952
7201333234
9151196173
10817205597
10020818356
3125489534
9729561615
7858170036
10179422993
8018581932
5223063857
8020431401
15187275109
10415938280
10300262123
6649974568
6366479379
11573169033
9490102069
8897133026
3996827343
10361886980
14370101338
9103363211
4491775122
8684968690
11423275003
10642651024
7953544026
10121904410
6516769797
8528949338
5378665264
11008154167
3826787107
7222921240
10490540154
6211936759
10617766311
11328546669
9572180404
8279154823
10690664545
8573291795
12052193540
7683780531
6343193609
10036201410
6051027399
8339195335
9957585578
13634646415
8786276743
6508308158
7474826746
8078318178
5407840812
7227890303
6325068480
10025204116
10340864610
7442113332
9599388835
6920985244
8526286797
8305568985
9072043696
11888103580
3865038537
7515872862
11672221188
12271875432
2881601285
8308646454
11645451334
11188620154
11957525529
11505775612
8835635446
9517083303
9697170344
10089859261
6044755751
9062383804
12462594635
5709720841
9315685092
4227596793
9472357505
10644931539
6700988085
5952779841
6661145611
10994043803
10577284188
11182945767
9157013023
6769743266
5950334560
4994203794
11679910947
7749574240
8650264386
8907794523
8522227032
11179450697
10171692524
3938371442
6078679151
6757700717
7973784274
4786844202
11673462939
4734270949
7883283072
10736116993
13773441447
7607131937
4662722864
6720284572
10030281991
4078028481
10375916291
9444791467
9910102446
11236329512
