8073608842
11531846131
11185547449
6472346766
2357957180
5428738936
6234049861
6889714106
8143808500
4265754679
7060788770
8997090796
8610255473
12338929269
9788518317
10887391690
11347161267
11296962860
3735552287
8792986489
6371310972
11513479582
11573753119
9512363809
8311138000
9502895352
10756362516
5102661531
7092389731
7091556813
9906301145
8234286475
6883759391
8168613565
11627644265
11888533815
7272734514
7703258102
9019245035
9599238170
7460751864
12051385301
7847059513
12206409412
11338461189
11065915899
10694941809
6265757161
7178190564
7586464068
12909207300
7286367198
12330164349
6073909671
7065726973
10023249376
9778226787
8752542703
10147548432
9854086644
11007686934
10875298769
7441621862
7159320015
7753127125
7762237634
4424914452
5724375702
8703890955
10370416044
14268005600
8993879521
6118132234
11983040842
10953619126
8990511765
7429391389
8265776965
9007970190
9470325769
11835466847
8796424027
5210054465
10922738100
3690585453
8051956532
10431164837
10586898991
8087109256
10734728491
11839983218
12111418300
8560091991
13156086172
11712422236
9550359123
3276313455
11042601088
10409091650
9746098434
8688081538
10927533495
11254778910
11411835228
9715335848
13544602895
10085450508
6497791625
5536421605
10576695706
9467879142
7101696164
9128492658
12047229631
8142664430
10731619853
7191047035
5536166004
5463242496
10215431374
11665037229
12304494458
9856947076
7727256489
7814621904
7818299517
13387241912
10624409954
9765678728
10040141738
8027543212
6590114297
12050223279
4201444961
7753818359
5315098302
5796229271
8710259992
7897789424
12027474923
7635907292
9543734829
5660017170
10233702646
9220639496
10498231081
9225162673
5031382784
5066598937
10726766656
5939973080
13422081050
13055073393
9388477301
9078899435
4618510763
9219266503
9110321931
11949581356
4933413475
9668006416
11493029884
6749421090
6078668500
7704508735
9737332645
9674033928
11396208107
9641462977
13419162366
5499833975
8486550059
9379276970
7531531575
9210602796
8184823476
9232173268
11231629885
11726772864
8533580111
5326340015
8966347661
10566072378
8313407515
6169854925
9773852381
12065322982
8069422268
7896806760
5991150945
5429390150
7148052817
9656895135
12105101789
7849095131
6833928855
10380504319
5305305588
11604156986
10512611623
4041897586
9924975254
3940219954
13866154474
9547357957
6356411784
4894295538
7766194910
6545497971
4952938973
7329694262
8206323393
10365072659
11862871326
7447156560
7393506507
5430550462
10245295379
4851301719
9587164977
3019673995
12025774611
7413535525
8772100636
8573696316
11722519904
9846396163
9726103637
8981547146
9568260313
6824807258
11085863025
8131441495
8328284785
4038294256
4550648801
9818077821
13420833756
8144102491
9542937067
8059917523
5336008138
6796562193
13507726147
8026526632
10236595515
3803873958
9461350182
6381884775
12193875432
6980357377
10842561793
4678434479
9591491833
7087870846
9037742416
8835282656
11709900385
8740412663
6884967360
7478295156
11511821300
12417314392
2698600481
6701485370
5076105907
9444080721
7100825802
5106970192
9799550227
8441658377
11652418091
9623436300
13114698333
6129974567
6280078032
8508983256
10588056953
11654181464
10068813059
5641618936
8259001975
5062244339
11219736405
12513964880
7096140305
7287882601
8527935742
10532088941
13388505235
8939470160
6293965392
10537135519
10595350849
11570424755
8851537679
10817129589
10307297892
9817315265
5348796808
7199577449
9133500712
9384180741
7867048969
8580649159
8618193506
4666621718
13529265773
9103195253
9799359481
7311803110
9482374565
9744861627
9514662991
12554398665
7762308669
10769759993
8797521292
7195344606
7382140403
6998629900
10175413782
6457999469
2771532070
9709688205
8781662217
12241009307
9762237492
9283592141
3964180087
12717076932
7514700330
12303843799
8628912480
7427587734
10505748673
8943245682
8402785842
6400197765
9541175802
5346045737
8733473419
3970734679
9961150084
4302645877
10573141178
7353270227
8969957422
9175640381
7803377280
9985799920
6361229289
10809938617
7642512514
3612860940
6697547619
8685837753
7777191639
7789371388
3865425687
8322792368
10586764966
8934999142
10475263113
7949084943
7572830210
3836756630
7495190846
9175776589
5660189705
9216492920
8643799240
10346889843
8700769025
5347615565
8339795614
9882339138
7703819725
11068683777
10243558067
10679227640
8227169254
9485933839
6250035620
5324585188
9464089144
10288791823
4732153004
5615561743
6968170295
13764548383
5499221203
10764588244
7516675667
5648105688
8088808109
6914378389
12424219580
12395957027
7103994207
10731125794
8724862928
12136972133
4175352367
7428254742
3954110929
5769463967
10048279356
8622331682
5933956258
7233819056
4707325709
11243188654
7334754902
10708787327
9277640788
10202848702
9626995847
9574946574
11087895568
10791095844
9447679798
7951400874
6436763657
4135777687
11594799793
10637323402
5318018205
4982711705
8358661161
11478895260
7807056203
6049884466
9818619447
8679351182
7199707496
9214435046
9839453873
10105538576
8824242361
13463054297
10473959926
8091341965
9202952721
12793880046
6966991099
7818242040
7608875029
6770253579
3750702652
6935707736
7441674689
9431736851
10925338700
5106890150
7121874656
8613730546
11929581090
7808633241
5493580276
4582739972
6631366987
9878657961
5957502188
10040888221
9146141267
5347137845
9951965995
8591192163
1661319534
3745885022
14239745702
6951691114
7996151205
9949763028
9895358154
3553890404
8578576391
8000689066
5429016036
5233091915
5874031164
6551848150
12686591384
8396377432
10575095124
10857633933
3717600213
8018562873
9983834321
5841459889
6340925833
10294495657
8258207274
10037780718
7895796929
8810903229
3069302478
3523057236
7600319057
8358382525
9586100432
11827438789
14533430597
7106135697
12968305963
3206321139
6657690065
9481341367
11369582483
11466247249
13272717450
9225818217
5704099093
5165435155
11132118791
6866948640
9821487096
8175082024
8023250059
9898030227
11597318424
7508603424
9674040347
6700681547
6310699759
8156469224
8124975491
13990661255
9393514208
7546964772
10706530773
11780376716
9578746903
13617078545
8707395436
8826123410
4460904479
7762291132
9526464518
8250579259
11565526786
8037813110
8308097952
9404179088
10560476921
9229976954
6118422432
9559775193
9253123329
9394227430
11111592166
7109688225
5280581980
8868416870
12991658937
5705808097
7446411926
3297825759
6843734899
4599701859
6706100579
9771637328
12455448265
5917978453
11302606641
6614825340
4501287262
9473061027
11538160433
9368430346
5901392002
9076790263
10201394336
9198651233
4905795040
9542156964
10891137990
8142453087
9478343021
9154775259
4850569020
9242729243
7579283667
9563526146
9996871086
4090714805
8876116935
9580186410
6525753073
10196722495
7839359611
7822536579
14991782493
7830795267
11548781941
7400888298
5630365597
8813220950
14015900254
9972879690
7722077984
11204956368
7184602400
8979842967
7396588955
5133821613
12361640444
9118900717
6798380272
8996524301
6915359379
9426764277
12031970795
11728967329
13691414165
11344506195
9609222739
5094916797
10463373165
8369342374
8830015019
11859402678
7606517403
11933820296
9130917386
8782029613
11488050960
7161746410
13086087254
12050425988
12117494400
6641971293
11005771910
10925816419
2356169966
7071510396
7723401254
7175060773
5108702160
9335104741
6717721718
7486070898
11459453485
7331015038
9664709319
10973203086
11102547107
6956275182
9577782593
9121751413
9597944765
7866830915
9116486619
10921255506
8522228256
10545215451
5567300296
7911411484
8834742729
10342120341
8484565583
7540393735
11732765458
9453362485
12481907556
9217555235
2342807848
6237231476
11146822261
8233324402
11001841921
10495983469
9341438660
13260744069
11852259458
11182040103
8238706703
7980466677
8048412256
12345217228
11882338842
4694939375
7538850678
4113546538
9723081991
7336175480
10721029440
2558231323
11348819388
8651437847
10010772348
4449465747
12253590691
4148678478
10350272572
13645787629
9416217344
10887822795
6988930831
10771643910
7706400912
5339453561
10302574820
10460799395
9504674736
8788597532
7692629176
7980412603
7186049256
5486495795
12604735980
9867594012
9857999561
6976760642
9891509758
7440077808
5483230580
10317656947
4529345493
12644224581
10219936107
9281764112
9592703369
7945439639
11524811752
6107466050
8600427386
9197819668
3758359946
9350721811
9640864993
6423040760
11510874348
7678756296
9229476192
7240979094
7850168319
6001883153
6999126760
10001240411
11599240346
13121498228
5578505807
6995562104
7641953620
10657080555
3753635324
8705077289
7260470653
10969049884
6524046947
7023080991
4825289536
5091886677
11419646705
8819224181
7111625233
9900942465
12268709413
5603962594
3147762358
3680305981
3662340713
11279597711
8723055153
10679799228
10099544427
10182579908
8738878260
10150890721
5281907444
7391495031
6582253709
9071948239
12019486135
11491222138
9849090592
4378383504
7500937786
10831190228
5249657225
8737671648
12222324452
9964217824
6986460473
10771763295
6704576827
9758948536
11887708596
12365053543
8268744439
9790740051
12770766618
9421606529
11404129523
9937675401
10370209320
7373466591
8294949789
7048199068
9866732630
6742168324
10941454526
9362647467
9507567969
10475930571
9788300636
9701156041
7597579659
7112314002
7642793011
10027872915
11635297820
9209921255
4462867159
8994771140
9381034183
8493764501
7150605615
10253146636
8852343940
8012273001
7512083869
11956220473
7496904286
11088364958
10021840261
8557287846
5923495133
8825344260
10020226565
8666366076
8098172713
4450421801
9092250467
7039179992
7087194144
11316320939
6909488610
7613108830
11823057579
7344154096
10926170087
11113121125
6401868513
11460051580
7980168693
9582063495
10733794551
13130406184
7407202920
11083807351
13953014775
9097127071
9422467399
9405350119
8155171571
7644291730
9020649768
11512192141
9375037536
7953587511
9328280332
8900127993
6678792619
11646840334
4452924344
8425648225
10585162628
8214230024
12965647286
7041370559
7912974048
5170906701
4883519157
2226965207
6148598854
10029527243
10500484316
10391317298
9540413632
5816163544
7602714389
9472769176
4766516073
8175401194
7233322167
9023412730
5557226994
11019585430
8223909763
9291694691
5091559479
11363368764
7390052356
10814348852
7078602585
9357229878
7658005837
7663433173
7588136226
12168287162
10535714945
6578294147
13612924051
5554071650
6535803715
13728176871
10689752345
13596213508
5507317055
8952751491
7734853144
13486823421
11073900231
9907143302
7119326201
10289641429
11124663221
9186740361
4297326316
11222993160
4036009100
9365100342
9576746306
9223511385
9701127055
9660735302
2394068192
9907243044
8303561654
9495332885
6159814741
9051892405
4341696207
9149533472
10157719352
7365843639
7565390723
8464539700
13102500773
10752293085
5985085127
8071597951
10471480736
6670042277
6515470168
8137921723
8101849611
11366673861
9179298812
9344307010
5076576093
9232729459
4758398851
4649030337
10789619137
9884329566
9634785126
5105013410
5406748725
7824875565
9104043252
10368637403
7432111708
8085034213
7480151021
9517957849
7284278911
7435763612
11811859437
9283759057
4010010343
5517341850
9571035140
8708493787
5843846141
5938520829
13376357223
8557402722
8099958967
6510910563
10058462847
11283764901
10491554672
9936203701
9369389581
9546459431
8486040322
5320484789
6695614067
8363266881
6533513711
8753395728
2670869447
5370470581
7003115143
6564894035
7493457137
