4895843537
9135592235
6657636283
10945760192
8448189550
9429497549
8171580636
10544270766
9822295770
10464768880
11239370124
6382120838
9383835907
9803724651
10832447802
12047674932
12475786644
7413443186
7462429071
6343195289
9736406942
11720648445
7683093549
6260731521
11372795358
11765496868
5960320687
12084622430
4817552464
11797109924
9963627011
11125474505
11166309633
11228226218
11101360789
7397343939
7485595877
9165537327
13014287102
9665696983
10050630110
3376002553
11293357119
11941008600
10662398486
3840563784
9914887245
12347504594
9075313557
7437528591
4616918496
10007783452
6196390266
10602763095
6602470834
4533416710
8028447307
12443489907
7227807814
5693793679
8463958275
8584508292
10216918465
8454987600
9658603444
8946099387
10002369123
6709438063
6636377213
7823602799
7202253252
10856293727
8305916293
9893255008
9014459476
9754967575
9238809050
8428223522
6188615183
7956537958
6520041521
13498908273
12498834395
6476661878
7559100439
6031604047
9554040319
13425357556
7215122413
5992957011
11677343868
10629156826
7257232137
3428255072
13634648955
11556078675
9015315616
12416899425
12669271247
10431334286
8996584572
8648102518
8861928555
10106319352
12230907437
7145025824
9206332896
7661875271
13480987424
8257715971
8402804880
10058424843
8313958634
10829099229
6980701859
12318444444
10894867526
10384184968
4151112609
8180397685
10660307267
10657162785
13880994201
11982179360
13879219533
8892138703
8866095927
7952113081
9026764305
8173079652
6171710209
11654669346
8239920718
10468238366
9791292957
7924186875
7504524990
7732676826
9318521532
8563046654
10646268849
5931048071
14297028272
9910401747
9615744161
5917494129
7389531383
6572260623
8381138868
9919226897
11252929857
8186289075
7537809137
6657402218
3088533198
9490328798
9229491068
4638545825
13980395281
8153262028
6387075739
13187658426
8649301189
8197429492
9137584389
6684682917
8735135576
9374583298
9113817961
11618961489
10473048982
9672526410
6656068708
12275258149
11755110254
5894355593
7146689944
10389782134
9067427346
8272224883
12534064159
8509485959
8998105984
12260117227
8690609742
8893869960
10031137964
8306247427
5596921485
9594675312
6091867074
7173549260
10116807444
5375150218
14025822268
8250842436
7034948426
8347836885
8559114888
5867895544
9120066244
12585875711
8061159841
10506540223
11150815925
8016764605
8106521907
8182520724
7461232554
5877175646
7637803957
3191747524
8812194960
6475505366
11126806632
4594847957
9531483768
4024090034
12037263185
8242359284
7650561608
11005368595
8125684871
9624720831
7687277729
8024718892
7752818983
7013871815
4469357883
6682079635
14556535805
11892298698
7736766467
10185061546
10781254950
9213486514
6229458004
10123269300
11757931618
11061494850
8926961148
5889366497
7906249129
8812549444
5271414989
13079719293
9180531007
5299987468
6163540199
4792676945
9173184549
11228174594
10810091131
5019624991
11497832740
4708602836
10942557629
14684522728
9879870104
7860057564
5468185753
5392822951
11006444989
12809412080
8319744297
12353129331
9507243178
8112884471
12788813024
4895940786
5358304581
7435840152
6572055550
7829559514
8322148987
8671291374
6450511616
6646414358
9764448115
9154975341
8783682399
7264410047
11835213198
4331134629
10266495794
10529264099
10962638108
11858308199
9361826061
6839754644
7063024320
10343653777
10552756454
9279417522
6542902427
13589722842
11035090976
11061557238
10061358768
9293728465
7724672773
8642944416
4820333828
11601673731
11399923575
11520768993
8180294918
5916098857
6081120035
6176754349
8154003924
6674555900
6121823566
7651445590
9762139040
6379164812
7670568792
5022386507
6965588185
8689516254
8768048593
9619703799
8700906964
10012423601
10705545822
9048372527
7988863143
11932956633
7228817969
14413171974
12435157013
7111132448
11132690584
8331760799
10595274480
7695605268
8970518407
8727952529
8259164021
4649080586
6318309050
8325759175
7682437175
13915566835
5048668863
8540639856
5543732141
10228471238
13548789579
6201042190
10690872333
9638447979
4185849725
7752326605
5539091030
5086778371
13844394459
13806624851
10175813619
6286566919
9822888629
13919949022
13800991119
7933181454
9150279857
11630323248
5328484356
12641164705
12073751274
8968927113
6035223355
11107940238
9349448711
8347640553
7856439679
6694799949
10485874184
6072326263
7700652023
9801780809
11197156733
15043101031
11938098947
6229893957
12608248626
11847181794
8872346694
5593172190
9018002235
7963636354
9988332187
5772520777
12320480639
9489991910
11513370725
4679981001
12724528901
6520898968
7038304195
11121270576
8561049791
8040280534
7110646795
8884831102
11550144727
9709234246
4668072087
5988498650
10527945825
9058852425
10566797600
9369686555
13980211749
9327247076
11378126870
1337247184
6830536206
5396410925
8578293227
6984979405
15675703291
8434012730
6920923469
4500986601
10883407625
8524785536
7212949234
13097290870
8830396607
9790060118
7615637018
8157670284
6622382363
4524364995
7423039520
8740825632
8934877407
7138581783
6916661944
6181757324
11078694688
6958741358
13437499849
12307628745
12945646711
11029288124
13746210602
7778996199
10265272119
12342786772
11617397620
10134145021
10507948071
9554441129
8379734580
9562938596
8457427045
8824056414
5530563566
8197482568
9003368253
9573118743
2667115710
6951701765
10047515675
12178107479
8618309315
6404470243
13579817114
10210455900
10696136055
5439184074
8556497622
9564092599
9781849684
8387856355
10669737492
11209428440
6373361188
6173616805
10601960770
9328992729
6419066987
8192950130
6585563490
9542497382
6984676942
8179412396
5523661419
11140091804
8191154830
7556012348
5741445378
7852855877
8637778045
12331228933
9021130566
11101961666
9063548469
4342529131
7919445043
5641998255
8208398416
6968574208
9966782621
6391035228
11000009795
7984896429
2197149947
6025185270
8279143290
10686181637
12259459389
4009613608
10980491694
9701493974
5596248485
3296156267
11236449430
9886052967
8541340408
9231146935
13015524165
7061015831
12887055744
10954425461
9444202073
2774582665
14617135398
10865498704
12819821449
12521670335
9475545434
8164968091
15334311196
9029551595
10304730442
8883378229
7168094955
7373365383
5085714142
12078193093
7508558701
7837374386
11857448054
8861424143
4611059413
11675875108
8724997466
10857628919
7751389094
10183218623
9771188541
10281390378
8600737385
10441742464
6652923461
13104448462
8599943148
10273163649
10510740164
11297240026
4144194374
10692043700
10476572114
12440671716
5291559559
5260310936
5867475686
7410636228
4820585471
2900059731
10245282548
9189557767
8119516856
9336042764
14304049618
12631347004
8232321191
9020542520
7050236921
7609202503
5669419819
5732322875
7346007304
14510207067
6134249353
7802903807
13003602424
6794486901
8058113919
12118771117
9015257560
11105386442
7853235159
9453558438
7738434663
6175636393
11358597671
6916133609
4772137213
6172731285
7201315898
9608313517
9002604049
11338344547
5935387551
8423591814
9123798889
7236488877
7531634530
9262806405
7324875763
5590853837
6661040981
7639319099
10569169864
6616537117
10243687293
10470710072
10490304632
12556585544
6388889051
8580826819
10291560079
12523226681
10221812800
12497582671
8539463496
7309250556
9862378379
4657259205
4015037419
7427872327
6448811923
4896272344
8135956567
10411752579
6539021005
11082754387
7370351181
5446527016
6618855941
8307158058
12543287647
5531301028
8563391243
6170266041
3630956188
4754288151
10099402984
8122402179
6295615054
8608401276
7567249540
14119980697
11136443596
9825412885
9573305346
5465308358
6239857678
9913154408
5047341118
5642637719
9632611733
13093466470
9120102852
7215759074
10476891037
11750606106
6577093901
6353938871
9744026571
6539166370
10603336472
3154305973
10637392115
9224346518
7809585260
12426255367
7123091493
8213764428
6537169371
9371061842
13331821004
9675468713
5919794139
6067408575
10597560932
8862469232
9698044371
4792763055
10761035537
9616806592
9544267298
10712431760
1690849825
9971113368
7416017227
7942788820
8954928954
10540642826
7913675778
8570340312
6351299993
7317330014
13310658944
8667394221
7434567209
6034496603
8227621534
9125901401
6620554511
5599344477
4153686446
8063375820
9742712491
9992647680
7042961382
9380532643
5899691555
6255937089
9190687646
13051474993
9927629627
3013212954
7542886392
7463232566
13834085949
7371557710
6258640556
9601139820
12104643146
5133165229
8416345436
9608604134
10169227793
13215408173
4457470203
10403545797
8797912796
4004839919
11619211124
7183869514
7127886211
8519197477
7853658179
5509732669
6483667517
7096066855
11446051474
7693686362
5226708268
8928932625
7972325796
15870551231
9067402178
10570769839
5174943458
10568991742
7261465699
9701922009
10474490085
11184668992
5753509845
6313724605
8000848893
9944943149
6555150715
5265752224
6754478987
12297881916
6348995378
6706024359
8257666093
4928797356
7849139581
7764850929
8963913089
3736106641
10824192974
7728727058
9530204466
10481634475
7905398890
9587754529
10349026003
9364525875
9422632009
7074388421
6844133129
14120441752
11483789407
9532366697
14750808817
7629832673
11301833513
8674443892
9325962520
8591649686
8094312842
10289463982
9569040348
6417789993
9765890412
6107807926
9036767772
11051827093
7922054975
7015440995
8645142909
9356470390
10491272193
8562790223
6635645470
10912220058
11675346006
8411028130
8226954872
10199781268
8250592021
10860704570
3970965704
12680761509
8688062628
3516935973
7129708565
5236355530
5152377563
5441243572
9674242295
7583243794
5969765098
6600911789
8965997206
9522948819
5328259976
9807487399
9307522889
8839697153
9403880864
10058127039
8695435070
11315458132
11359077186
7768973429
7195930498
4865292766
12773930198
12409677765
12943942719
4778835960
9550820896
8398372877
6068034436
10655717407
10092190122
6545763757
12679333887
12839522210
8056130034
9448149288
12470286346
11570574486
8187356602
8588600699
11226533915
11640665582
9716890343
5296005840
3917927427
5084330873
3139510492
5860698205
7060197973
5232248806
8858667843
4732060835
11306550699
9190909841
9291614710
6074566320
13271451537
9672143848
10905664485
8466193645
9857901251
6488327358
7421052399
9043872842
6544463662
8888756635
9895910546
2745460086
7403884489
11082954241
9133407071
7253315662
11578326633
7207197679
8984485517
10291823154
6345727146
11504665961
10890927219
11328584234
11077217444
9045765962
8731421391
13414063081
10293443023
7346518922
6796015848
10236709803
10727978851
5671543501
10496099378
10750456600
7232318371
13272835912
8748787684
7945644352
10712894882
10930918538
9897546560
7868377493
9074612619
8767491336
9808391086
9096910797
7167030830
9841807136
7130141580
9387938516
9387123134
8981110768
9758180866
8836825503
9064072894
6987462945
11047471870
7631932339
11435557776
6960119463
14715159032
5316101372
6362370587
10368924291
5992091319
8151305290
13184261106
7452480346
7950477578
10523203171
5364139461
5707003172
12242465991
8556314306
11740168222
8290418126
6575974600
6547995287
8544598305
4743085623
4839348122
9672230627
7747249602
9989334679
8025370126
6080036042
8957834304
11764071790
6209508467
3082301259
10003658158
9812492716
8856103970
9694476510
7732574309
9874537927
10494869952
12464940727
9983165463
8873500756
6261416102
6193802113
10359715541
8184008337
8389371583
13486813175
5117643532
9004123094
9995283906
8559295840
9005296765
11461577656
11447329701
11349464554
13065505372
11726753803
